-1.477825164794921875e+00 1.087141275405883789e+00
-1.806894779205322266e+00 2.730380296707153320e-01
3.066573143005371094e-01 -3.199167549610137939e-01
6.044950336217880249e-02 2.219395041465759277e-01
1.418981671333312988e+00 5.289781466126441956e-02
2.626501321792602539e-01 2.524869740009307861e-01
4.500036537647247314e-01 -1.959466934204101562e-01
7.990590929985046387e-01 -8.467475771903991699e-01
-5.373521521687507629e-02 2.254974991083145142e-01
4.335474371910095215e-01 -1.391075134277343750e+00
6.037966012954711914e-01 9.552915692329406738e-01
-4.626662433147430420e-01 7.934017777442932129e-01
-1.240915507078170776e-01 1.451779603958129883e+00
-1.078420042991638184e+00 -3.620476126670837402e-01
-9.272140264511108398e-01 5.740464925765991211e-01
4.922201633453369141e-01 1.655940175056457520e+00
-1.451102375984191895e+00 6.151644587516784668e-01
-1.659440696239471436e-01 -2.000913381576538086e+00
3.764730989933013916e-01 6.354775428771972656e-01
1.926246881484985352e-01 1.644274115562438965e+00
-1.435631155967712402e+00 -7.303990721702575684e-01
4.856145381927490234e-01 1.148793101310729980e+00
2.367319107055664062e+00 -3.830457329750061035e-01
-2.569178342819213867e-01 -1.321391701698303223e+00
6.880103945732116699e-01 -1.319358110427856445e+00
-1.446083784103393555e+00 -7.612262964248657227e-01
1.141032814979553223e+00 -8.282188177108764648e-01
-3.769640326499938965e-01 -1.405964612960815430e+00
-5.480162426829338074e-02 -1.452742695808410645e+00
1.803763985633850098e+00 1.180335134267807007e-01
2.584784269332885742e+00 -1.362104177474975586e+00
3.378748297691345215e-01 -1.769164204597473145e-02
-8.085463643074035645e-01 -1.503062844276428223e+00
-5.781950354576110840e-01 -9.649026989936828613e-01
1.003614962100982666e-01 -1.415630728006362915e-01
-3.555446565151214600e-01 3.574025928974151611e-01
-2.504316270351409912e-01 3.468762934207916260e-01
1.255706906318664551e+00 -2.026735782623291016e+00
-1.437275886535644531e+00 -7.543735206127166748e-02
-5.393634438514709473e-01 9.159789085388183594e-01
-1.762277603149414062e+00 1.006766915321350098e+00
3.405588865280151367e-01 1.406536996364593506e-01
5.071008801460266113e-01 8.323790431022644043e-01
-5.647270679473876953e-01 -1.424202024936676025e-01
-1.858204901218414307e-01 3.137902915477752686e-01
1.498024702072143555e+00 -3.171786665916442871e-01
-5.168589949607849121e-01 -1.829863637685775757e-01
1.582184910774230957e+00 1.104032397270202637e+00
4.870392680168151855e-01 5.154841542243957520e-01
-5.832904577255249023e-01 5.870391726493835449e-01
2.184986174106597900e-01 3.454865813255310059e-01
-7.791142463684082031e-01 5.447453856468200684e-01
9.969810247421264648e-01 1.638550281524658203e+00
-2.162526845932006836e-01 2.726646661758422852e-01
3.094168566167354584e-02 -7.561043500900268555e-01
-2.166779994964599609e+00 -1.157576560974121094e+00
6.138577461242675781e-01 6.184123754501342773e-01
4.296624660491943359e-01 2.697056233882904053e-01
4.291958808898925781e-01 -7.179066538810729980e-02
-1.760690093040466309e+00 -2.427780926227569580e-01
-2.850050926208496094e-01 -2.289993524551391602e+00
1.885002255439758301e+00 4.716776609420776367e-01
-5.877791047096252441e-01 3.019201457500457764e-01
4.247513115406036377e-01 -1.378261804580688477e+00
3.361163139343261719e-01 -1.000432491302490234e+00
-1.615617752075195312e+00 1.427437663078308105e+00
-3.675490021705627441e-01 -1.761654019355773926e+00
1.730837821960449219e-01 -8.461126089096069336e-01
-1.090409278869628906e+00 2.064660340547561646e-01
1.292788051068782806e-02 -1.424728035926818848e-01
-1.462585687637329102e+00 -4.992347657680511475e-01
-3.911947906017303467e-01 1.348440200090408325e-01
3.545840382575988770e-01 -1.735030651092529297e+00
-8.482779264450073242e-01 6.753907203674316406e-01
-2.444490045309066772e-01 -8.143237829208374023e-01
5.309590101242065430e-01 7.222010195255279541e-02
-3.513151034712791443e-02 7.259272933006286621e-01
3.900676369667053223e-01 -7.704964876174926758e-01
1.831964135169982910e+00 -7.423435151576995850e-02
-3.088030219078063965e-01 -1.352231353521347046e-01
-1.376025915145874023e+00 -1.466121971607208252e-01
-1.546358942985534668e+00 -2.384351730346679688e+00
-4.519524574279785156e-01 -1.693994641304016113e+00
1.422981142997741699e+00 4.435851573944091797e-01
1.511786133050918579e-01 1.400038003921508789e+00
-2.986985146999359131e-01 2.052484452724456787e-01
9.025698900222778320e-01 -1.352708816528320312e+00
1.024840354919433594e+00 -1.942265331745147705e-01
1.637997984886169434e+00 -1.202881932258605957e+00
4.618470072746276855e-01 1.556707978248596191e+00
3.710402250289916992e-01 -1.120584487915039062e+00
1.625088572502136230e+00 -1.263213157653808594e+00
-7.458152174949645996e-01 6.726699471473693848e-01
1.029104709625244141e+00 2.694506943225860596e-01
-1.475358903408050537e-01 3.908500075340270996e-02
6.626815795898437500e-01 1.261370301246643066e+00
-3.038955032825469971e-01 4.823482632637023926e-01
-1.270132660865783691e+00 -4.272663295269012451e-01
-2.173746585845947266e+00 3.469983935356140137e-01
1.218406081199645996e+00 4.851919412612915039e-01
-1.099726796150207520e+00 4.686666727066040039e-01
6.383092999458312988e-01 -1.202053427696228027e+00
1.076672434806823730e+00 1.293494462966918945e+00
1.779741235077381134e-02 7.078517675399780273e-01
-3.736993670463562012e-01 -6.650885343551635742e-01
4.262427091598510742e-01 -3.230199217796325684e-01
1.369814395904541016e+00 8.518593907356262207e-01
-1.079642474651336670e-01 -4.724996387958526611e-01
2.829982042312622070e-01 7.717375159263610840e-01
1.402602434158325195e+00 9.549923241138458252e-02
-1.706709146499633789e+00 -1.159540653228759766e+00
-1.094274997711181641e+00 -2.602283477783203125e+00
1.522903889417648315e-02 1.067123413085937500e+00
-1.685039520263671875e+00 -4.421731829643249512e-01
1.578703522682189941e+00 -1.385125279426574707e+00
-6.990546584129333496e-01 -1.398383677005767822e-01
-2.582095563411712646e-01 9.206404685974121094e-01
-1.448797583580017090e-01 1.956665366888046265e-01
-1.213641315698623657e-01 -4.478282034397125244e-01
2.330407947301864624e-01 -5.831358432769775391e-01
8.923313617706298828e-01 -6.044645905494689941e-01
-1.634358525276184082e+00 1.711184382438659668e+00
1.733907684683799744e-02 9.326457381248474121e-01
-3.344391882419586182e-01 1.122827887535095215e+00
1.543933898210525513e-01 -2.232421934604644775e-01
2.064709424972534180e+00 -2.111968755722045898e+00
-1.042409658432006836e+00 -8.193193674087524414e-01
-1.457538843154907227e+00 -4.110688269138336182e-01
7.318515777587890625e-01 -3.455377519130706787e-01
7.130224704742431641e-01 -2.142791986465454102e+00
8.367508649826049805e-01 -9.107857942581176758e-01
1.114757061004638672e+00 -4.942987263202667236e-01
-1.567818522453308105e+00 1.234143003821372986e-01
-3.704566359519958496e-01 -1.933475613594055176e+00
6.946144104003906250e-01 2.161471918225288391e-02
-8.213946223258972168e-01 2.997268736362457275e-01
7.353546023368835449e-01 3.185575008392333984e-01
1.873378753662109375e+00 3.008038364350795746e-02
-3.575372397899627686e-01 6.578410863876342773e-01
-4.105247557163238525e-01 1.480549573898315430e-01
2.729173898696899414e-01 3.368516564369201660e-01
-3.641910851001739502e-02 4.724579751491546631e-01
1.344808697700500488e+00 -6.515685468912124634e-02
-9.007472395896911621e-01 1.511691808700561523e+00
9.571851491928100586e-01 1.187159657478332520e+00
1.916365325450897217e-01 -4.315536320209503174e-01
-4.186636209487915039e-01 -6.352232694625854492e-01
-1.061842918395996094e+00 3.583943843841552734e-01
5.068668127059936523e-01 6.652846932411193848e-01
-1.572920680046081543e-01 -1.067441105842590332e+00
1.455310940742492676e+00 -5.622514486312866211e-01
-1.374819576740264893e-01 1.853853315114974976e-01
-1.001337647438049316e+00 -9.017721563577651978e-02
7.686749100685119629e-01 -2.109808614477515221e-03
3.578358888626098633e-01 -1.315898895263671875e+00
9.202966690063476562e-01 4.339160025119781494e-01
-2.777861952781677246e-01 4.337007999420166016e-01
2.257627546787261963e-01 1.050831794738769531e+00
-1.726445078849792480e+00 -1.639987081289291382e-01
1.955741085112094879e-02 3.557181954383850098e-01
1.495571613311767578e+00 1.824872195720672607e-01
-1.121538519859313965e+00 -9.726124405860900879e-01
-4.481648802757263184e-01 7.031896710395812988e-01
-1.466768980026245117e-01 1.447686672210693359e+00
6.650183200836181641e-01 5.452766418457031250e-01
-7.161261439323425293e-01 7.338079810142517090e-01
-5.623081922531127930e-01 -1.204174399375915527e+00
-8.297635316848754883e-01 -1.366612166166305542e-01
1.179747104644775391e+00 -5.260748267173767090e-01
-3.094964027404785156e-01 8.061381578445434570e-01
-2.967891097068786621e-01 9.482664465904235840e-01
-5.721642374992370605e-01 1.372124671936035156e+00
3.509642481803894043e-01 1.807821869850158691e+00
-3.147807419300079346e-01 7.341675162315368652e-01
1.522945284843444824e+00 -7.115492224693298340e-01
-6.268948316574096680e-01 1.038159012794494629e+00
1.554239690303802490e-01 1.493264913558959961e+00
1.126665174961090088e-01 8.930054903030395508e-01
1.214751601219177246e+00 -1.993791162967681885e-01
-3.456812798976898193e-01 1.257745027542114258e+00
-8.719541877508163452e-02 1.237862586975097656e+00
1.301998257637023926e+00 -2.428787469863891602e+00
-3.844891786575317383e-01 -7.257896661758422852e-01
-1.995696276426315308e-01 -2.560061216354370117e-01
4.154942929744720459e-01 -1.569504380226135254e+00
-7.845327854156494141e-01 -5.617433190345764160e-01
1.496631979942321777e+00 -1.089079827070236206e-01
-1.174035429954528809e+00 5.251183509826660156e-01
9.343994855880737305e-01 1.439489603042602539e+00
7.194179296493530273e-01 1.362310171127319336e+00
-3.298117816448211670e-01 -1.427459359169006348e+00
1.431420803070068359e+00 2.980494201183319092e-01
-1.374947309494018555e+00 -1.207428693771362305e+00
-4.093632996082305908e-01 -1.011620521545410156e+00
-1.152270361781120300e-01 -7.645558118820190430e-01
7.937127947807312012e-01 5.138685107231140137e-01
-3.370454013347625732e-01 -1.181215405464172363e+00
-1.226993680000305176e+00 -2.491682529449462891e+00
-6.386034488677978516e-01 1.321434974670410156e+00
9.805678129196166992e-01 -3.015181064605712891e+00
1.390151262283325195e+00 8.505946397781372070e-01
-1.712625026702880859e-01 8.841824531555175781e-01
-1.052777051925659180e+00 1.164544105529785156e+00
-1.217893600463867188e+00 1.377975821495056152e+00
4.045515954494476318e-01 4.826359748840332031e-01
1.101537466049194336e+00 1.134670972824096680e+00
9.574049152433872223e-03 5.985469222068786621e-01
5.391044020652770996e-01 -9.222938418388366699e-01
-9.875509738922119141e-01 -1.349265575408935547e+00
1.054723262786865234e+00 -6.312631368637084961e-01
-8.532732725143432617e-01 -6.261118650436401367e-01
-4.075657725334167480e-01 8.528921604156494141e-01
1.506677150726318359e+00 1.111627340316772461e+00
-6.368558406829833984e-01 -9.309188723564147949e-01
-1.913410723209381104e-01 1.993969082832336426e-01
-1.119767665863037109e+00 -1.055784702301025391e+00
6.929054856300354004e-01 2.426236718893051147e-01
8.932645320892333984e-01 -7.537661790847778320e-01
-1.309255123138427734e+00 1.744703352451324463e-01
-6.746618151664733887e-01 -4.888732135295867920e-01
5.009591113775968552e-03 -1.024348974227905273e+00
-7.151643633842468262e-01 7.008866965770721436e-02
-7.962436079978942871e-01 -6.490284800529479980e-01
1.349493414163589478e-01 3.470278978347778320e-01
1.502574533224105835e-01 -4.382516145706176758e-01
-4.931151270866394043e-01 1.404210805892944336e+00
-1.694186627864837646e-01 -5.606198906898498535e-01
2.301146239042282104e-01 -8.116742372512817383e-01
-1.450105428695678711e+00 2.614680826663970947e-01
-1.750030040740966797e+00 -7.533690929412841797e-01
-7.308416962623596191e-01 1.235451698303222656e+00
-2.063060104846954346e-01 1.307602286338806152e+00
-2.325562387704849243e-01 -9.456224739551544189e-02
-8.911605179309844971e-02 1.574345946311950684e+00
3.590077757835388184e-01 7.829364389181137085e-02
4.031824767589569092e-01 1.396819829940795898e+00
2.416451930999755859e+00 2.031354010105133057e-01
1.655136227607727051e+00 -9.077182412147521973e-01
6.473764777183532715e-01 8.934789299964904785e-01
4.760158807039260864e-02 3.160448074340820312e-01
-2.341682434082031250e+00 1.719427824020385742e+00
4.542516469955444336e-01 4.575969278812408447e-01
-9.494528174400329590e-01 -1.536801576614379883e+00
-9.138117432594299316e-01 -2.821979857981204987e-02
-1.190832257270812988e+00 5.329127907752990723e-01
4.487490281462669373e-02 1.963660001754760742e+00
4.348218142986297607e-01 -1.771747946739196777e+00
-4.531903192400932312e-02 -1.730435490608215332e-01
-6.760036945343017578e-01 -7.329205870628356934e-01
-3.837025165557861328e-01 -8.639579415321350098e-01
-1.327817797660827637e+00 -1.155125379562377930e+00
-2.294126600027084351e-01 -1.233055591583251953e+00
-6.141275912523269653e-02 -4.763309657573699951e-01
-1.056697487831115723e+00 -7.544693946838378906e-01
-1.398827314376831055e+00 -1.348002195358276367e+00
-3.997936248779296875e-01 -9.755536913871765137e-01
-2.877842485904693604e-01 9.454414844512939453e-01
-2.591645419597625732e-01 -9.614155292510986328e-01
1.409066677093505859e+00 1.120771933346986771e-02
7.474916428327560425e-02 -7.397977113723754883e-01
1.254713773727416992e+00 1.424215316772460938e+00
-1.324151039123535156e+00 4.444189965724945068e-01
-9.121484756469726562e-01 -4.294736683368682861e-01
-1.010776042938232422e+00 5.167202949523925781e-01
5.599684715270996094e-01 -1.345909237861633301e+00
-1.987135529518127441e+00 -3.705334961414337158e-01
-4.590586423873901367e-01 -8.220981955528259277e-01
3.880971968173980713e-01 2.845798134803771973e-01
-1.876068860292434692e-01 -5.219101905822753906e-01
-1.167348861694335938e+00 1.571032881736755371e+00
2.123011648654937744e-01 -5.827646851539611816e-01
2.686693966388702393e-01 -1.888031959533691406e-01
4.489382356405258179e-02 7.235636115074157715e-01
-3.277473747730255127e-01 2.435355782508850098e-01
4.337573945522308350e-01 -4.825366735458374023e-01
1.110909342765808105e+00 -2.466950118541717529e-01
-5.992739200592041016e-01 -5.899000763893127441e-01
1.600805163383483887e+00 -1.714184045791625977e+00
-1.940504431724548340e+00 -2.604930877685546875e+00
-9.243383407592773438e-01 3.868433460593223572e-02
8.068656921386718750e-01 1.598060965538024902e+00
1.270876288414001465e+00 9.406932592391967773e-01
1.611943244934082031e-01 -1.074589133262634277e+00
2.269365936517715454e-01 -5.123046040534973145e-02
3.031890094280242920e-01 4.949094951152801514e-01
1.791225373744964600e-01 1.739556193351745605e-01
1.040606722235679626e-01 -5.005832314491271973e-01
9.961413145065307617e-01 -8.941622376441955566e-01
-2.329452633857727051e-01 -1.694732606410980225e-01
-3.350104570388793945e+00 -2.482568845152854919e-02
-8.981720805168151855e-01 -5.995178818702697754e-01
-2.765808254480361938e-02 1.301776647567749023e+00
-2.562909126281738281e-01 -1.209162831306457520e+00
2.597487270832061768e-01 8.757846355438232422e-01
1.423576831817626953e+00 -9.486632943153381348e-01
-2.011521011590957642e-01 -1.793080866336822510e-01
-3.852012157440185547e-01 2.345075160264968872e-01
8.951224684715270996e-01 7.593418359756469727e-01
9.263907372951507568e-02 -3.124929368495941162e-01
-1.229049205780029297e+00 8.071083575487136841e-02
-5.462805628776550293e-01 2.246097803115844727e+00
-8.426894247531890869e-02 3.400997519493103027e-01
-3.131111264228820801e-01 1.450451612472534180e+00
-4.022583663463592529e-01 5.902312994003295898e-01
-1.118079781532287598e+00 -1.947609335184097290e-01
-7.320910692214965820e-01 -8.858344554901123047e-01
-1.136194586753845215e+00 -2.043492645025253296e-01
9.504575729370117188e-01 -1.772192001342773438e+00
6.121948957443237305e-01 -1.452050447463989258e+00
8.097493052482604980e-01 5.408699512481689453e-01
-4.932669401168823242e-01 1.095916867256164551e+00
-4.301020503044128418e-01 9.185070395469665527e-01
-4.205352962017059326e-01 -6.918477416038513184e-01
9.375186562538146973e-01 1.955227136611938477e+00
6.507931351661682129e-01 2.129709959030151367e+00
-1.342577338218688965e+00 1.334034204483032227e-01
-1.067395925521850586e+00 -9.645708799362182617e-01
8.731614053249359131e-02 -6.333464384078979492e-02
-1.935533285140991211e+00 8.217689394950866699e-01
-1.326674342155456543e+00 1.255949974060058594e+00
-1.578928947448730469e+00 -3.552722334861755371e-01
1.564965024590492249e-02 2.637420177459716797e+00
-1.716270089149475098e+00 -1.328838586807250977e+00
3.380552828311920166e-01 3.382919430732727051e-01
-2.129132151603698730e-01 8.501401543617248535e-01
4.760555028915405273e-01 2.049278467893600464e-01
1.783405542373657227e-01 1.867142796516418457e+00
-1.802125126123428345e-01 9.882445931434631348e-01
-3.494509756565093994e-01 -3.216649889945983887e-01
-7.247394919395446777e-01 -8.260154128074645996e-01
-4.425668716430664062e-02 -4.623391628265380859e-01
-1.484445691108703613e+00 5.460420846939086914e-01
5.984103679656982422e-01 2.053474485874176025e-01
-6.891611218452453613e-01 5.459887385368347168e-01
3.145775794982910156e-01 -4.939946532249450684e-01
-4.784885048866271973e-02 -4.457854330539703369e-01
-5.195110440254211426e-01 -1.359667062759399414e+00
1.904577016830444336e-01 8.746614456176757812e-01
-1.336537122726440430e+00 1.548114657402038574e+00
-9.357841610908508301e-01 -1.377024650573730469e+00
-9.172998368740081787e-02 9.734689444303512573e-02
1.932839870452880859e+00 7.286676019430160522e-02
9.717898815870285034e-02 7.606914043426513672e-01
8.404740691184997559e-02 1.137105673551559448e-01
1.702996850013732910e+00 6.881420612335205078e-01
2.079598426818847656e+00 -8.121210932731628418e-01
-3.902270197868347168e-01 1.723291993141174316e+00
-2.605623006820678711e+00 -7.363566160202026367e-01
5.821245908737182617e-01 -2.599223852157592773e-01
9.949293136596679688e-01 -1.082240104675292969e+00
3.758986294269561768e-01 -1.963636279106140137e+00
1.742204546928405762e+00 -7.420947551727294922e-01
-1.349253535270690918e+00 -2.584559917449951172e-01
-7.359333634376525879e-01 -6.103310585021972656e-01
1.366515874862670898e+00 -6.134666502475738525e-03
1.564264535903930664e+00 6.438304781913757324e-01
7.472897768020629883e-01 -8.606578111648559570e-01
1.649082660675048828e+00 -1.663214445114135742e+00
6.272969841957092285e-01 6.697527766227722168e-01
-1.479372859001159668e+00 9.202857613563537598e-01
8.718469738960266113e-02 -7.731844782829284668e-01
2.831614762544631958e-02 -1.618784189224243164e+00
6.231089234352111816e-01 1.843228578567504883e+00
-9.119655936956405640e-02 2.314999252557754517e-01
7.323724031448364258e-01 1.042293850332498550e-02
-1.821564584970474243e-01 -9.589105844497680664e-01
6.973153352737426758e-01 2.256768792867660522e-01
1.385302990674972534e-01 -5.985301733016967773e-01
1.030640244483947754e+00 -2.251772165298461914e+00
-3.022878646850585938e+00 -2.006065368652343750e+00
1.452770113945007324e+00 1.011566400527954102e+00
-6.560643911361694336e-01 1.755014419555664062e+00
-3.838123083114624023e-01 -3.892512023448944092e-01
3.450759872794151306e-02 8.909085392951965332e-01
-1.227677464485168457e+00 2.598919868469238281e+00
-1.304968476295471191e+00 -1.333523511886596680e+00
-1.396228551864624023e+00 -1.168346926569938660e-01
1.722239255905151367e+00 -2.135639786720275879e-01
3.976023793220520020e-01 5.134423375129699707e-01
-1.005384445190429688e+00 4.968461990356445312e-01
-5.833611264824867249e-02 -1.306471824645996094e-01
1.214742422103881836e+00 -1.575172066688537598e+00
7.213467359542846680e-01 6.110579967498779297e-01
-7.238233089447021484e-01 -6.483605504035949707e-01
-8.119331002235412598e-01 -5.721793696284294128e-02
1.203221201896667480e+00 -6.327206492424011230e-01
6.837317943572998047e-01 1.109643101692199707e+00
1.976388216018676758e+00 1.374857187271118164e+00
-1.363713383674621582e+00 1.164515137672424316e+00
-1.295739412307739258e-01 -1.042101621627807617e+00
1.319623291492462158e-01 -1.093518733978271484e+00
8.432747721672058105e-01 4.597988724708557129e-01
-4.337981641292572021e-01 1.127839088439941406e+00
-8.540718555450439453e-01 -2.216531783342361450e-01
2.711129426956176758e+00 -3.299347758293151855e-01
2.540852069854736328e+00 1.702836155891418457e+00
1.017139196395874023e+00 6.073588728904724121e-01
-1.099817514419555664e+00 2.145293056964874268e-01
2.556509971618652344e-01 -1.016035556793212891e+00
2.231594085693359375e+00 7.896133065223693848e-01
-7.061603665351867676e-01 1.083214640617370605e+00
8.583551645278930664e-02 1.719763278961181641e-01
2.579047381877899170e-01 1.619180440902709961e+00
-5.368748903274536133e-01 8.278318643569946289e-01
-5.265637636184692383e-01 8.445206284523010254e-01
4.417938739061355591e-02 2.217293828725814819e-01
-1.196984887123107910e+00 2.724979221820831299e-01
2.180945128202438354e-01 -1.821025967597961426e+00
9.546566009521484375e-01 -4.453741386532783508e-02
1.155369758605957031e+00 -1.525672435760498047e+00
1.763386845588684082e+00 -2.423118829727172852e+00
1.704152464866638184e+00 1.580780625343322754e+00
-8.131188154220581055e-01 4.120700359344482422e-01
1.156946182250976562e+00 1.524619221687316895e+00
1.409280896186828613e+00 2.886759936809539795e-01
-4.986805021762847900e-01 2.054680511355400085e-02
3.887466192245483398e-01 8.961758017539978027e-01
-5.147501826286315918e-01 1.454512953758239746e+00
-5.161045789718627930e-01 -2.655248045921325684e-01
-3.206376731395721436e-02 -2.072150468826293945e+00
2.908296585083007812e-01 -2.032135009765625000e+00
-5.009968280792236328e-01 -2.821257114410400391e-01
2.205120474100112915e-01 8.597052097320556641e-01
-1.051375865936279297e+00 1.677084088325500488e+00
3.894076347351074219e-01 1.909527301788330078e+00
1.222637414932250977e+00 -9.449359774589538574e-01
2.261035442352294922e+00 -8.101869374513626099e-02
1.175459027290344238e+00 -1.329640865325927734e+00
2.228690683841705322e-01 1.088338851928710938e+00
-1.342913031578063965e+00 4.620145633816719055e-02
7.025006413459777832e-01 -1.392783284187316895e+00
1.021328687667846680e+00 2.057903289794921875e+00
-2.711264789104461670e-01 5.220689177513122559e-01
6.120952963829040527e-01 -1.336047649383544922e+00
3.856368660926818848e-01 -6.410577893257141113e-01
7.768012881278991699e-01 2.382799796760082245e-02
8.724177628755569458e-02 8.010987043380737305e-01
-4.241478145122528076e-01 5.628045797348022461e-01
2.942088544368743896e-01 2.853080928325653076e-01
-2.486447244882583618e-01 2.007021665573120117e+00
-1.624192357063293457e+00 9.084259718656539917e-02
1.029648065567016602e+00 -5.973166599869728088e-02
-1.224797725677490234e+00 -6.021022200584411621e-01
3.133508563041687012e-01 -1.279584169387817383e-01
-1.441147804260253906e+00 3.886933624744415283e-01
-5.351258516311645508e-01 2.224068641662597656e+00
-5.066940784454345703e-01 -1.037204027175903320e+00
2.519326210021972656e-01 -1.178863525390625000e+00
1.455570816993713379e+00 3.130112588405609131e-01
-2.223330736160278320e-01 -8.253685832023620605e-01
-5.619200468063354492e-01 4.001410305500030518e-01
1.297346353530883789e+00 -1.802225112915039062e-01
-1.446255147457122803e-01 2.779956459999084473e-01
-4.181127548217773438e-01 1.099491715431213379e+00
1.329077720642089844e+00 7.985730767250061035e-01
5.432480201125144958e-02 1.676245778799057007e-01
-2.772891223430633545e-01 -5.731672048568725586e-01
-9.809715151786804199e-01 2.484170675277709961e+00
-1.455834388732910156e+00 1.011738181114196777e+00
-2.365613430738449097e-01 3.949272930622100830e-01
6.166450381278991699e-01 1.292486429214477539e+00
9.067791104316711426e-01 1.913399547338485718e-01
2.750450372695922852e+00 -4.021321833133697510e-01
-1.387618631124496460e-01 3.079679608345031738e-01
2.071631699800491333e-01 1.282213449478149414e+00
1.468578577041625977e+00 9.821655750274658203e-01
-1.745165705680847168e+00 -7.983677387237548828e-01
-6.055164337158203125e-01 -8.715369105339050293e-01
-2.342233180999755859e+00 -2.588943481445312500e+00
6.504388451576232910e-01 7.709051966667175293e-01
3.752441108226776123e-01 -5.107451677322387695e-01
-2.990470528602600098e-01 1.065681695938110352e+00
1.414946317672729492e+00 1.558008193969726562e+00
2.683715522289276123e-01 -5.212986469268798828e-01
9.495848417282104492e-02 1.334789991378784180e+00
6.056454181671142578e-01 3.836737871170043945e-01
5.753185227513313293e-02 3.067381381988525391e+00
3.067145049571990967e-01 2.426313757896423340e-01
1.138627290725708008e+00 -1.735622286796569824e+00
4.015968739986419678e-01 -6.543929576873779297e-01
6.148335933685302734e-01 1.928644776344299316e+00
4.592399597167968750e-01 9.242100119590759277e-01
8.081195950508117676e-01 7.653992772102355957e-01
-1.409834146499633789e+00 -8.659678697586059570e-01
1.040730159729719162e-02 1.727854013442993164e+00
2.058141469955444336e+00 4.229589104652404785e-01
7.152892947196960449e-01 7.211562991142272949e-02
-1.153089031577110291e-01 -3.047403991222381592e-01
-1.444581627845764160e+00 8.673886954784393311e-02
-2.658229693770408630e-02 1.100813627243041992e+00
3.041344135999679565e-02 6.204317212104797363e-01
7.218402624130249023e-01 -1.054531216621398926e+00
1.312500357627868652e+00 3.377482593059539795e-01
1.069449186325073242e+00 -4.557746648788452148e-01
-5.035172700881958008e-01 -1.979514479637145996e+00
2.408770173788070679e-01 -2.494624704122543335e-01
-3.941440880298614502e-01 1.183415651321411133e-01
8.729679584503173828e-01 -3.723106905817985535e-02
-1.003541946411132812e+00 -1.927763819694519043e+00
-1.776384413242340088e-01 -7.463684082031250000e-01
9.720678329467773438e-01 1.172384619712829590e+00
8.580233156681060791e-02 -1.419878721237182617e+00
1.321600914001464844e+00 -9.978110790252685547e-01
4.614708200097084045e-02 2.398657560348510742e+00
1.990432143211364746e+00 -1.080857962369918823e-01
-4.257103502750396729e-01 1.304427742958068848e+00
7.227795124053955078e-01 -1.689378768205642700e-01
1.621199965476989746e+00 2.629725821316242218e-02
-2.955484688282012939e-01 2.081497192382812500e+00
-1.447064280509948730e+00 8.140028119087219238e-01
-8.072971701622009277e-01 1.433910608291625977e+00
9.841855764389038086e-01 2.100470811128616333e-01
1.176299214363098145e+00 3.091920018196105957e-01
4.175977408885955811e-01 3.198977410793304443e-01
9.656538367271423340e-01 -4.206866323947906494e-01
-7.615030407905578613e-01 8.655489087104797363e-01
9.925652295351028442e-02 6.469048261642456055e-01
2.953478991985321045e-01 -2.353568375110626221e-01
6.061675548553466797e-01 -8.424536585807800293e-01
-1.081157326698303223e+00 1.488844394683837891e+00
8.424596190452575684e-01 -2.513217449188232422e+00
5.272973775863647461e-01 -1.151681780815124512e+00
-1.713252782821655273e+00 1.917037725448608398e+00
-1.652194708585739136e-01 2.204516232013702393e-01
-1.026335597038269043e+00 -9.067457914352416992e-01
-1.332837343215942383e+00 -7.760287523269653320e-01
1.590075731277465820e+00 -2.691835463047027588e-01
1.008021473884582520e+00 -1.139496684074401855e+00
-2.805431373417377472e-02 -2.112708091735839844e+00
5.978021621704101562e-01 9.770835041999816895e-01
2.990588426589965820e+00 1.076530456542968750e+00
4.684270024299621582e-01 3.633169084787368774e-02
-6.559850275516510010e-02 4.094627797603607178e-01
-5.522846579551696777e-01 6.154654622077941895e-01
9.641595184803009033e-02 -3.286067247390747070e-01
-2.481571137905120850e-01 -4.975046515464782715e-01
-1.651622772216796875e+00 -1.169917881488800049e-01
2.562391757965087891e-01 2.186108589172363281e+00
1.294491648674011230e+00 -1.885081082582473755e-01
1.345295906066894531e-01 -6.542721390724182129e-02
2.020870208740234375e+00 4.661272764205932617e-01
-9.973171949386596680e-01 -6.561727523803710938e-01
1.507629603147506714e-01 7.884654402732849121e-01
-1.607544660568237305e+00 8.438946604728698730e-01
-2.157220393419265747e-01 -1.107223391532897949e+00
-2.222878485918045044e-01 1.490642428398132324e+00
7.801729440689086914e-01 3.697546124458312988e-01
-1.797499805688858032e-01 -2.456590831279754639e-01
7.262908220291137695e-01 6.854669451713562012e-01
4.333411455154418945e-01 1.338793873786926270e+00
8.181469440460205078e-01 1.171458214521408081e-01
-1.071666836738586426e+00 -3.735658824443817139e-01
1.254876255989074707e+00 2.524374127388000488e-01
-2.758583784103393555e+00 4.750536084175109863e-01
4.678231179714202881e-01 1.959473192691802979e-01
2.099231928586959839e-01 8.634045124053955078e-01
-2.903599143028259277e-01 7.234490513801574707e-01
7.127216458320617676e-01 7.823639512062072754e-01
-1.002721071243286133e+00 -1.547454297542572021e-01
6.295421719551086426e-01 -1.518915295600891113e+00
1.491746664047241211e+00 5.483520627021789551e-01
1.459606051445007324e+00 -6.253128051757812500e-01
-1.504678726196289062e+00 -6.650925874710083008e-01
1.626217961311340332e+00 2.132593840360641479e-01
2.390817254781723022e-01 1.046475768089294434e+00
-1.238409996032714844e+00 2.363675087690353394e-01
-7.512335181236267090e-01 -1.879432350397109985e-01
1.733088254928588867e+00 -8.757126331329345703e-01
4.858812093734741211e-01 5.532332137227058411e-02
-8.591184020042419434e-01 8.462078571319580078e-01
-6.849178671836853027e-02 2.140602111816406250e+00
3.386170268058776855e-01 -7.276508212089538574e-01
-1.024097204208374023e+00 2.823086921125650406e-03
-1.798488140106201172e+00 7.932509779930114746e-01
6.581718921661376953e-01 6.207439675927162170e-02
-2.045614719390869141e-01 -3.955830335617065430e-01
-6.923983693122863770e-01 -3.763054311275482178e-01
2.114155530929565430e+00 2.065754830837249756e-01
1.605752110481262207e+00 2.722723782062530518e-01
2.354356348514556885e-01 -1.095274567604064941e+00
-8.740713000297546387e-01 6.157461181282997131e-02
-3.159616589546203613e-01 9.424885511398315430e-01
1.321448445320129395e+00 -7.193244099617004395e-01
-8.601643443107604980e-01 -2.602913677692413330e-01
-5.753685254603624344e-03 6.807022094726562500e-01
2.823666930198669434e-01 -1.902894973754882812e+00
-1.134564399719238281e+00 -8.329530358314514160e-01
-1.001501679420471191e+00 3.891138136386871338e-01
3.337267339229583740e-01 1.483820080757141113e+00
6.972181200981140137e-01 1.171159625053405762e+00
1.768676936626434326e-01 -1.454951882362365723e+00
-1.505975246429443359e+00 1.322810530662536621e+00
-5.026156306266784668e-01 -1.826976835727691650e-01
4.331220388412475586e-01 -6.591247320175170898e-01
-3.533006310462951660e-01 2.122412919998168945e+00
3.166581869125366211e+00 -4.872170984745025635e-01
-1.626404166221618652e+00 -3.334398269653320312e-01
-5.561875104904174805e-01 1.871037483215332031e+00
2.833883166313171387e-01 3.346434235572814941e-01
-1.076844096183776855e+00 -7.328333258628845215e-01
7.273301482200622559e-01 1.171024322509765625e+00
-1.297257184982299805e+00 1.698486447334289551e+00
-7.610921859741210938e-01 1.063967704772949219e+00
-4.223180115222930908e-01 -9.019948244094848633e-01
-1.136642098426818848e+00 -7.573834061622619629e-01
1.460535764694213867e+00 6.911297440528869629e-01
-1.205851078033447266e+00 -6.664543747901916504e-01
-7.065529823303222656e-01 1.732956290245056152e+00
6.472405791282653809e-01 6.064429879188537598e-01
-1.526974201202392578e+00 -6.800001859664916992e-01
-1.662930369377136230e+00 -9.573610424995422363e-01
-9.223986864089965820e-01 -8.247517347335815430e-01
-6.491269171237945557e-02 -1.808838605880737305e+00
-1.515166908502578735e-01 -9.431732892990112305e-01
6.253159791231155396e-02 5.340124368667602539e-01
-1.072208166122436523e+00 -5.715643167495727539e-01
-1.293744295835494995e-01 4.144240170717239380e-03
-5.443454980850219727e-01 2.751516103744506836e-01
-6.818985342979431152e-01 -8.748944848775863647e-02
7.193366885185241699e-01 -7.494123578071594238e-01
1.901286244392395020e+00 -5.454759597778320312e-01
6.212826371192932129e-01 1.110146403312683105e+00
-4.068171083927154541e-01 8.075348734855651855e-01
-4.659546017646789551e-01 1.331285834312438965e+00
-7.061599493026733398e-01 4.013842046260833740e-01
4.365893304347991943e-01 3.201792836189270020e-01
4.931304454803466797e-01 -1.987662017345428467e-01
-6.744514703750610352e-01 -1.384280174970626831e-01
-4.559136927127838135e-02 1.090776324272155762e+00
-1.019013166427612305e+00 5.168060660362243652e-01
7.374101877212524414e-01 3.741348385810852051e-01
3.838263154029846191e-01 1.449778437614440918e+00
6.681810021400451660e-01 1.247506737709045410e+00
-8.571251481771469116e-02 -7.691604550927877426e-03
-1.256015300750732422e+00 -9.990781545639038086e-01
-3.076801598072052002e-01 4.275650903582572937e-02
-1.100392699241638184e+00 1.056205272674560547e+00
-2.850525617599487305e+00 -3.157709240913391113e-01
1.000001430511474609e+00 9.902803897857666016e-01
9.471789002418518066e-01 6.701811552047729492e-01
4.051204025745391846e-01 -3.567714095115661621e-01
-6.719037294387817383e-01 -2.639509737491607666e-01
-2.017669200897216797e+00 -4.956072270870208740e-01
-1.591489315032958984e+00 6.481122970581054688e-01
2.305217087268829346e-01 3.310847580432891846e-01
1.613077968358993530e-01 4.872857034206390381e-02
-1.242018580436706543e+00 -7.535770535469055176e-01
3.334192037582397461e-01 2.456568479537963867e+00
-1.455017328262329102e+00 1.044797971844673157e-01
2.706453561782836914e+00 -6.404565572738647461e-01
5.348336100578308105e-01 -6.319031119346618652e-02
-1.220531165599822998e-01 1.198415637016296387e+00
-3.477292358875274658e-01 6.602497100830078125e-01
-6.148318052291870117e-01 -2.799232900142669678e-01
-1.358371376991271973e+00 -8.789258003234863281e-01
7.376942038536071777e-01 3.239081203937530518e-01
2.275618910789489746e-01 -4.286694526672363281e-01
-7.478420734405517578e-01 5.938026309013366699e-01
4.925691783428192139e-01 1.483384370803833008e+00
-1.547979593276977539e+00 9.503576159477233887e-01
9.547192454338073730e-01 9.675794094800949097e-02
1.892122864723205566e+00 6.267153024673461914e-01
-8.573027849197387695e-01 -1.645617842674255371e+00
-2.147976011037826538e-01 -7.321302294731140137e-01
-3.151116669178009033e-01 -5.354773402214050293e-01
-9.339312911033630371e-01 -1.140185296535491943e-01
-2.880917489528656006e-02 -3.675053715705871582e-01
1.086549043655395508e+00 -5.769250988960266113e-01
-9.501484036445617676e-01 6.041053533554077148e-01
3.303629159927368164e-01 2.109126329421997070e+00
2.099652588367462158e-01 -1.064983844757080078e+00
-1.634334564208984375e+00 1.274152100086212158e-01
-1.831023208796977997e-02 -5.700823068618774414e-01
-1.072950482368469238e+00 1.203205943107604980e+00
-1.390620470046997070e+00 5.664495229721069336e-01
-1.757686734199523926e+00 1.975186020135879517e-01
8.515833616256713867e-01 -1.611558675765991211e+00
-2.960054636001586914e+00 -1.791627168655395508e+00
6.013889312744140625e-01 7.363354563713073730e-01
-3.086332976818084717e-02 1.731838732957839966e-01
-2.896130681037902832e-01 -3.077024519443511963e-01
-1.319537043571472168e+00 8.088855743408203125e-01
-9.588403105735778809e-01 -1.307685852050781250e+00
-3.886658251285552979e-01 -5.301316380500793457e-01
1.121308922767639160e+00 3.109500408172607422e-01
-1.011099576950073242e+00 8.528010845184326172e-01
-1.820236444473266602e+00 1.925026327371597290e-01
2.779849290847778320e+00 6.294324994087219238e-01
-1.238798499107360840e+00 4.809283316135406494e-01
4.461523592472076416e-01 -1.699365854263305664e+00
1.112533360719680786e-02 2.578241825103759766e-01
6.126371622085571289e-01 -1.687643527984619141e-01
-1.371219754219055176e+00 -1.993290066719055176e+00
-5.534889101982116699e-01 -1.281660050153732300e-01
1.108286753296852112e-01 9.552999734878540039e-01
-6.253124475479125977e-01 -4.893331527709960938e-01
1.810928434133529663e-02 -5.007182359695434570e-01
-1.811091065406799316e+00 -2.543030977249145508e+00
-1.981442272663116455e-01 1.709773302078247070e+00
1.053165912628173828e+00 3.368135690689086914e-01
1.973334074020385742e+00 1.897445678710937500e+00
2.330530732870101929e-01 -9.477165341377258301e-01
4.958222806453704834e-01 -4.674932658672332764e-01
-6.117914989590644836e-02 -7.600110173225402832e-01
1.460699439048767090e+00 -1.507683157920837402e+00
-4.241955876350402832e-01 6.063868105411529541e-02
-2.165179550647735596e-01 -1.626407355070114136e-01
-7.407326698303222656e-01 2.839744687080383301e-01
-4.814555346965789795e-01 -8.521135449409484863e-01
-1.002606630325317383e+00 1.232971668243408203e+00
2.002514302730560303e-01 -5.327633023262023926e-02
1.335180282592773438e+00 6.975640058517456055e-01
7.536810636520385742e-01 4.292444288730621338e-01
4.895283579826354980e-01 1.391718268394470215e+00
5.234323143959045410e-01 5.329452753067016602e-01
-2.725412845611572266e-01 -8.187183737754821777e-01
-9.028546810150146484e-01 -2.004110366106033325e-01
-3.212523758411407471e-01 -6.635069847106933594e-01
-1.424106717109680176e+00 -5.613700747489929199e-01
-1.230395317077636719e+00 8.551509380340576172e-01
-1.316620588302612305e+00 -1.096023797988891602e+00
3.241048753261566162e-01 -1.227505207061767578e+00
-1.285654306411743164e+00 1.929479092359542847e-01
-1.716912865638732910e+00 -3.645896315574645996e-01
1.236019849777221680e+00 -2.084892392158508301e-01
-3.071505017578601837e-02 -1.332562565803527832e+00
-7.196074128150939941e-01 1.066722750663757324e+00
-1.164370104670524597e-01 5.377759784460067749e-02
1.745289117097854614e-01 4.431930184364318848e-01
-4.153371453285217285e-01 -1.045643568038940430e+00
-9.840032458305358887e-01 3.312789499759674072e-01
-3.739841654896736145e-02 -1.752951741218566895e+00
1.264342665672302246e+00 1.500093460083007812e+00
6.079267263412475586e-01 -4.216454923152923584e-01
-6.173273324966430664e-01 -1.028732538223266602e+00
6.543659567832946777e-01 7.427150011062622070e-01
-1.099651455879211426e+00 1.264379858970642090e+00
1.067974090576171875e+00 -1.870045661926269531e-01
-1.078503012657165527e+00 1.679384112358093262e-01
-5.885192751884460449e-01 1.610686540603637695e+00
-9.526417255401611328e-01 5.828781127929687500e-01
1.799108460545539856e-02 8.451396226882934570e-01
-6.227011084556579590e-01 -1.756484657526016235e-01
-2.150002568960189819e-01 -3.160645365715026855e-01
-1.231600761413574219e+00 9.177685379981994629e-01
2.111982107162475586e-01 -3.608699142932891846e-01
-2.113239318132400513e-01 -6.144350171089172363e-01
-3.005000054836273193e-01 6.991730332374572754e-01
-1.939808964729309082e+00 3.585791289806365967e-01
-2.396569997072219849e-01 4.871239066123962402e-01
-4.314243197441101074e-01 4.191896691918373108e-02
3.317617177963256836e-01 4.763086438179016113e-01
-1.344779610633850098e+00 1.293223857879638672e+00
1.073250174522399902e-01 1.366498470306396484e+00
1.709156483411788940e-01 -1.891714334487915039e+00
-9.190753102302551270e-01 -2.254519760608673096e-01
-8.882327377796173096e-02 1.226948022842407227e+00
-1.593562960624694824e-01 6.885863840579986572e-02
8.645107150077819824e-01 -1.660102009773254395e-01
-5.481687784194946289e-01 3.384560048580169678e-01
1.233028054237365723e+00 -1.159286260604858398e+00
-7.725307345390319824e-01 2.025257050991058350e-02
-1.397163867950439453e-01 -1.230190992355346680e+00
-8.246304392814636230e-01 -1.691053271293640137e+00
-1.554226875305175781e+00 8.526784777641296387e-01
-5.522705987095832825e-02 1.126284956932067871e+00
1.838800787925720215e+00 -4.958885908126831055e-01
1.453750431537628174e-01 -1.290785670280456543e+00
-7.636804580688476562e-01 8.724748492240905762e-01
9.866561293601989746e-01 1.546660512685775757e-01
7.852573692798614502e-02 2.125472575426101685e-01
1.711420416831970215e-01 -5.227314829826354980e-01
1.031426429748535156e+00 3.237434327602386475e-01
-1.147348582744598389e-01 -8.259883522987365723e-01
-2.125734835863113403e-01 -2.312058210372924805e-01
-1.783851861953735352e+00 9.878411889076232910e-01
-1.030581712722778320e+00 -2.801143407821655273e+00
-7.434958815574645996e-01 6.678178906440734863e-02
-1.340313553810119629e+00 -5.473004579544067383e-01
2.443445026874542236e-01 5.059880018234252930e-01
6.771929860115051270e-01 -3.815734386444091797e-01
3.734509944915771484e-01 -2.799282670021057129e-01
-1.583861351013183594e+00 -1.072457790374755859e+00
8.220059871673583984e-01 -2.487270832061767578e+00
2.527436800301074982e-02 1.578652381896972656e+00
-4.329768121242523193e-01 -2.234242439270019531e+00
5.805524587631225586e-01 -1.225195825099945068e-01
5.595619603991508484e-02 5.634445548057556152e-01
-5.996421575546264648e-01 -1.621515154838562012e+00
3.631751835346221924e-01 7.409142255783081055e-01
-7.279790043830871582e-01 -2.189085930585861206e-01
4.372060000896453857e-01 3.325440287590026855e-01
-1.499037504196166992e+00 1.979933679103851318e-01
-2.314630270004272461e+00 -5.011743903160095215e-01
-3.540070354938507080e-02 -9.142464026808738708e-03
1.614649593830108643e-01 -1.563157141208648682e-01
7.237364649772644043e-01 9.765435010194778442e-02
2.832105755805969238e-01 -3.223956823348999023e-01
-8.733183890581130981e-02 -4.288879930973052979e-01
-6.573900580406188965e-01 -9.442028403282165527e-01
-1.161652803421020508e+00 9.661599397659301758e-01
9.524095058441162109e-01 -4.677297174930572510e-01
5.421963930130004883e-01 9.589411318302154541e-02
3.820742666721343994e-01 7.719039916992187500e-02
1.681461691856384277e+00 -1.594048023223876953e+00
-6.219727918505668640e-03 7.513737082481384277e-01
1.322348833084106445e+00 -1.929608583450317383e+00
1.233831167221069336e+00 1.169324278831481934e+00
-8.354944586753845215e-01 4.461229741573333740e-01
2.635636031627655029e-01 -1.064288258552551270e+00
-1.431511491537094116e-01 3.411098718643188477e-01
8.401955962181091309e-01 -9.169449210166931152e-01
-1.171547174453735352e+00 5.332129001617431641e-01
4.276950284838676453e-02 1.468775391578674316e+00
-1.934437453746795654e-01 6.559358835220336914e-01
-2.183472394943237305e+00 6.591714024543762207e-01
-4.756383895874023438e-01 -6.129216551780700684e-01
-8.274350762367248535e-01 1.159572005271911621e+00
1.885909140110015869e-01 -6.733202934265136719e-01
7.191537022590637207e-01 -1.100538015365600586e+00
1.264772176742553711e+00 -1.166591882705688477e+00
-7.307201027870178223e-01 3.608248233795166016e-01
4.589602947235107422e-01 -7.709922641515731812e-02
-5.249580740928649902e-01 -3.280110955238342285e-01
-1.846178054809570312e+00 -2.849410772323608398e-01
-1.138651609420776367e+00 1.547841280698776245e-01
-6.842581033706665039e-01 -1.552875876426696777e+00
-3.815147578716278076e-01 -1.341885566711425781e+00
2.016788244247436523e+00 1.720376729965209961e+00
8.010545372962951660e-01 -2.522733449935913086e+00
-9.711116552352905273e-01 1.260644793510437012e-01
-1.058031558990478516e+00 -2.338377833366394043e-01
6.928035616874694824e-01 -1.013151630759239197e-01
2.797922194004058838e-01 8.817042708396911621e-01
-7.785746455192565918e-01 4.928921461105346680e-01
-1.495241373777389526e-01 -1.650655508041381836e+00
-1.998842060565948486e-01 1.240895986557006836e+00
-5.429345369338989258e-01 3.364773690700531006e-01
-6.989943981170654297e-01 2.527029514312744141e-01
7.121086716651916504e-01 1.300843656063079834e-01
-1.734620332717895508e-01 -2.529059946537017822e-01
9.207399487495422363e-01 -1.156206250190734863e+00
1.558356404304504395e+00 9.800858497619628906e-01
5.049157142639160156e-01 -1.104400515556335449e+00
1.729319393634796143e-01 -1.742046624422073364e-01
2.622041404247283936e-01 -2.116597294807434082e-01
9.773845076560974121e-01 4.575867056846618652e-01
-3.296059668064117432e-01 1.316829800605773926e+00
-6.033021807670593262e-01 -6.311958432197570801e-01
-3.260615170001983643e-01 1.032971978187561035e+00
-5.508637428283691406e-01 2.454770952463150024e-01
7.140612602233886719e-02 -7.320829480886459351e-02
-9.336454868316650391e-01 -6.044120788574218750e-01
5.310437083244323730e-01 2.665029466152191162e-01
-8.753661513328552246e-01 -5.808975696563720703e-01
7.622553110122680664e-01 -7.593269348144531250e-01
2.996735870838165283e-01 1.287301540374755859e+00
-7.309542298316955566e-01 6.879831552505493164e-01
2.888928055763244629e-01 9.012654423713684082e-01
2.551091432571411133e+00 -6.192884445190429688e-01
-5.369966030120849609e-01 -4.535823464393615723e-01
2.452296204864978790e-02 9.688322544097900391e-01
-2.866312563419342041e-01 8.615808486938476562e-01
1.417581200599670410e+00 -4.259916245937347412e-01
7.388663887977600098e-01 -5.439166426658630371e-01
-1.485827326774597168e+00 -1.620602488517761230e+00
1.407001256942749023e+00 1.084936857223510742e+00
-1.458639353513717651e-01 -9.233429431915283203e-01
-3.804933428764343262e-01 -2.098834037780761719e+00
-8.172216415405273438e-01 -6.466832756996154785e-01
-7.591193914413452148e-01 4.129438102245330811e-01
-6.625570058822631836e-01 1.903971791267395020e+00
3.097195923328399658e-01 4.228705167770385742e-01
7.516072392463684082e-01 2.676990330219268799e-01
-5.036695003509521484e-01 -9.437254071235656738e-02
-4.270929098129272461e-01 1.182407140731811523e+00
-7.956034541130065918e-01 -8.981814384460449219e-01
8.357568979263305664e-01 -2.295391708612442017e-01
-2.460969537496566772e-01 -4.427003487944602966e-02
1.190922260284423828e+00 -5.343559980392456055e-01
8.870593309402465820e-01 8.014377355575561523e-01
6.505348682403564453e-01 1.332152485847473145e-01
1.842266201972961426e+00 5.831581950187683105e-01
-8.386219739913940430e-01 -7.504419684410095215e-01
1.889144659042358398e+00 -4.161321818828582764e-01
1.295136690139770508e+00 -1.134475588798522949e+00
6.660213470458984375e-01 6.529644131660461426e-01
-6.641993522644042969e-01 -1.605588793754577637e+00
1.197407007217407227e+00 -1.762466311454772949e+00
5.130699276924133301e-01 2.473451793193817139e-01
8.308168053627014160e-01 -1.043008804321289062e+00
-4.264344573020935059e-01 1.394708156585693359e+00
-2.292911291122436523e+00 1.079597830772399902e+00
1.626259446144104004e+00 -7.795455455780029297e-01
8.928468823432922363e-02 -2.377884387969970703e-01
5.752922892570495605e-01 1.329559922218322754e+00
4.132955968379974365e-01 1.879033207893371582e+00
-1.172311753034591675e-01 1.050428986549377441e+00
-7.642318606376647949e-01 -5.629113316535949707e-01
2.063922137022018433e-01 -3.742467463016510010e-01
6.272681355476379395e-01 -4.610038399696350098e-01
-1.224898576736450195e+00 1.749014258384704590e+00
8.840590715408325195e-01 2.188530713319778442e-01
4.295672848820686340e-02 -1.042481422424316406e+00
1.291282534599304199e+00 4.706117510795593262e-01
6.567965745925903320e-01 1.777558326721191406e+00
5.528759956359863281e-01 -1.191731333732604980e+00
-9.456545859575271606e-02 -1.309187173843383789e+00
-1.020103931427001953e+00 -1.322092056274414062e+00
-8.746521472930908203e-01 2.770996570587158203e+00
1.223206520080566406e+00 3.937456905841827393e-01
-2.624581456184387207e-01 6.261676549911499023e-01
1.088964939117431641e+00 3.287365287542343140e-02
3.977883160114288330e-01 -4.403238296508789062e-01
-9.311929345130920410e-01 -8.952927589416503906e-01
1.823693700134754181e-02 1.601235985755920410e+00
4.181558787822723389e-01 4.432090222835540771e-01
2.914836406707763672e+00 2.042921930551528931e-01
1.040814399719238281e+00 -7.185866683721542358e-02
-5.197334289550781250e-01 5.406362414360046387e-01
-1.925140321254730225e-01 2.813379168510437012e-01
6.679895520210266113e-01 1.580547809600830078e+00
2.367976188659667969e+00 2.000356763601303101e-01
-1.165043950080871582e+00 7.660368680953979492e-01
1.670548558235168457e+00 -1.017803907394409180e+00
-4.856375455856323242e-01 3.332021832466125488e-01
-3.203880488872528076e-01 -1.326024413108825684e+00
-9.696530103683471680e-01 1.910147786140441895e+00
-2.424673922359943390e-02 7.967605441808700562e-02
1.271018385887145996e+00 -6.815640330314636230e-01
-2.158201038837432861e-01 1.187327265739440918e+00
-1.533183813095092773e+00 2.358950823545455933e-01
3.001106977462768555e-01 -1.818667888641357422e+00
-5.890151262283325195e-01 -8.491241931915283203e-01
-2.372431606054306030e-01 -5.574627518653869629e-01
-1.179693818092346191e+00 1.058389186859130859e+00
-1.056515812873840332e+00 2.506883144378662109e-01
5.758630037307739258e-01 -1.665420413017272949e+00
1.048258185386657715e+00 7.396799921989440918e-01
2.023423165082931519e-01 -8.933699727058410645e-01
-2.828709185123443604e-01 -4.395962655544281006e-01
9.750345349311828613e-01 1.348696112632751465e+00
-2.742423415184020996e-01 6.153108477592468262e-01
1.443493604660034180e+00 -2.139135360717773438e+00
1.197002887725830078e+00 -1.307905316352844238e+00
-3.857096731662750244e-01 7.104678750038146973e-01
1.373100876808166504e+00 -8.044366240501403809e-01
-1.126402243971824646e-01 9.174278378486633301e-01
-7.809655070304870605e-01 -6.299016475677490234e-01
-1.617513895034790039e+00 -8.896939754486083984e-01
3.702058643102645874e-02 9.359260201454162598e-01
5.206337571144104004e-01 -1.558238863945007324e+00
-6.255628466606140137e-01 8.699361979961395264e-02
5.574452280998229980e-01 7.913104891777038574e-01
1.846750259399414062e+00 8.694270253181457520e-01
-3.031418919563293457e-01 -3.554988801479339600e-01
-5.079723000526428223e-01 -8.332923054695129395e-01
-6.360461115837097168e-01 2.178629115223884583e-02
3.364284038543701172e-01 5.115700140595436096e-02
-1.647399961948394775e-01 -1.143171668052673340e+00
1.744238376617431641e+00 1.699452519416809082e+00
1.480926990509033203e+00 -1.125873088836669922e+00
-1.110011339187622070e+00 4.401971399784088135e-01
5.194589495658874512e-01 -6.451710462570190430e-01
-8.716354966163635254e-01 2.321126222610473633e+00
-2.253700017929077148e+00 -9.696003198623657227e-01
2.946046590805053711e+00 -2.264359407126903534e-02
-2.865596413612365723e-01 2.273721843957901001e-01
9.543665647506713867e-01 -6.488305330276489258e-01
-5.101870298385620117e-01 -2.984292805194854736e-01
-1.838115215301513672e+00 -2.085308581590652466e-01
-3.309304416179656982e-01 1.189152359962463379e+00
-2.204629331827163696e-01 -1.531235575675964355e+00
6.602503061294555664e-01 1.246184825897216797e+00
1.133639588952064514e-01 1.835947632789611816e+00
9.251575917005538940e-02 9.264866709709167480e-01
1.757171154022216797e+00 -6.749256849288940430e-01
1.256009221076965332e+00 1.903945922851562500e+00
-4.471951127052307129e-01 2.695449352264404297e+00
2.417632192373275757e-01 1.840808629989624023e+00
-1.265100955963134766e+00 4.008037969470024109e-02
1.084311485290527344e+00 2.646037042140960693e-01
-7.123841643333435059e-01 3.889987170696258545e-01
1.089622616767883301e+00 -6.799960881471633911e-02
8.048645257949829102e-01 -1.644733548164367676e-01
4.354194700717926025e-01 1.088979244232177734e+00
-7.220739126205444336e-01 1.534755468368530273e+00
-8.824625611305236816e-02 1.333895325660705566e-01
1.678450822830200195e+00 1.385620355606079102e+00
-3.488883674144744873e-01 1.739885687828063965e+00
-6.248635053634643555e-01 -3.307436108589172363e-01
-8.693155646324157715e-02 5.478270053863525391e-01
8.158379197120666504e-01 4.350492358207702637e-01
-1.992256402969360352e+00 1.100272774696350098e+00
2.180027961730957031e+00 -7.372230887413024902e-01
-8.598041534423828125e-01 -3.265505135059356689e-01
-7.630129456520080566e-01 3.929349184036254883e-01
1.203308939933776855e+00 1.663760282099246979e-02
-1.112012788653373718e-01 4.395494163036346436e-01
1.355612874031066895e+00 2.684199213981628418e-01
